% The data for the CDSs are already reported in the paper (see Table 8)
% Below are the data for the interest rate calibration



BondPrice = [99.9609375
99.9140625
99.9140625
99.875
99.8359375
99.8359375
99.8359375
99.7890625
99.7421875
99.7421875
99.7421875
99.6953125
99.640625
99.640625
99.640625
99.59375
99.5390625
99.5390625
99.5390625
99.4766
99.4296875
99.4296875
99.4296875
99.3671875
99.3203125
99.3203125
99.265625
99.2109375
99.2109375
99.2109375
99.1328
99.09375
99.09375
99.09375
99.0390625
98.984375
98.984375
98.984375
98.9296875
98.8671875
98.8671875
98.8671875
98.8125
98.75
98.75
98.75
98.6875
98.6328125
98.6328125
98.6328125
98.578125
98.515625
98.515625
98.515625
98.453125
98.40625
98.40625
98.40625
98.3515625
98.296875
98.296875
98.296875
98.2421875
98.1875
98.1875
98.1875
98.1328125
98.0859375
98.0859375
98.0859375
98.015625
97.953125
97.953125
97.953125
97.890625
97.8359375
97.8359375
97.8359375
97.7734375
97.7109375
97.7109375
97.7109375
97.65625
97.6015625
97.6015625
97.6015625
97.546875
97.4921875
97.4921875
97.4921875
97.4375
97.3671875
97.3671875
97.3671875
97.3046875
97.234375
97.234375
97.1640625
97.09375
97.09375
97.03125
96.96875
96.96875
96.90625
96.8515625
96.8515625
96.7890625
96.7265625
96.7265625
96.6640625
96.6015625
96.6015625
96.5234375
96.453125
96.453125
96.3828125
96.3046875
96.3046875
96.234375
96.1640625
96.1640625
96.09375
96.0234375
96.0234375
95.9453125
95.875
95.875
95.796875
95.7109375
95.7109375
95.53125
95.53125
95.34375
95.34375
95.1796875
95.1796875
95.0234375
95.0234375
94.8671875
94.8671875
94.71875
94.71875
94.5390625
94.5390625
94.3671875
94.3671875
94.1875
94.1875
94.03125
94.03125
93.859375
93.859375
93.703125
93.703125
93.5390625
93.5390625
93.375
93.375
93.203125
93.203125
93.015625
93.015625
92.8125
92.8125
92.6484375
92.6484375
92.4609375
92.4609375
92.28125
92.28125
92.1171875
92.1171875
91.953125
91.953125
91.7890625
91.7890625
91.6171875
91.6171875
91.4453125
91.2578125
91.078125
90.890625
90.703125
90.5078125
90.25
90
89.8125
89.671875
89.5390625
89.3671875
89.1640625
88.9609375
88.75
88.5078125
88.28125
88.078125
87.875
87.6875
87.4921875
87.3203125
87.1328125
87.0234375
86.875
84.796875
83.9921875
84
82.8828125
82.265625
81.65625
80.5703125];